351
243.821428571429
188.290322580645
178.933333333333
328.838709677419
475.9
437.548387096774
604.096774193548
463.1
367.451612903226
341
295.233333333333
231.032258064516
190.464285714286
131.387096774194
124.633333333333
440.870967741936
559.266666666667
438.258064516129
377.612903225806
368.1
314.516129032258
295.833333333333
236.2
177.451612903226
142.571428571429
111.258064516129
93.1333333333333
134.064516129032
365.3
502.741935483871
438.612903225807
594.966666666667
484.548387096774
410.666666666667
367.766666666667
256.41935483871
177.357142857143
116
100.433333333333
130.129032258065
167.933333333333
241.58064516129
231.322580645161
245.366666666667
324.709677419355
398.9
310.433333333333
198.806451612903
133.5
98.7741935483871
89.2666666666667
151.903225806452
215.233333333333
288.193548387097
258.161290322581
295.133333333333
411.290322580645
533.866666666667
521.166666666667
362.838709677419
237.464285714286
160.516129032258
185.466666666667
285.354838709677
510.666666666667
512.645161290323
331.645161290323
255.566666666667
224.645161290323
229.366666666667
186
110.838709677419
71.9642857142857
68.258064516129
102.133333333333
176.225806451613
294.166666666667
346.322580645161
335.322580645161
305.766666666667
302.354838709677
253.9
253.833333333333
151.225806451613
84.3571428571429
61.1612903225806
70.3666666666667
96.0967741935484
201.633333333333
338.967741935484
330.290322580645
292.8
304.41935483871
290.133333333333
209.633333333333
147.193548387097
101.571428571429
61.5161290322581
52.6
64.7741935483871
93.6333333333333
140.064516129032
142
163.033333333333
177.225806451613
251.7
238.8
170.612903225806
106.964285714286
70.0967741935484
64.0333333333333
54.1612903225806
112.266666666667
162.451612903226
236.709677419355
238.7
226.645161290323
207.633333333333
213.833333333333
168.483870967742
107.642857142857
72.5806451612903
167.033333333333
205.548387096774
287.966666666667
286.258064516129
290.709677419355
309.966666666667
287.516129032258
214.966666666667
169.5
112.741935483871
68.8571428571429
54.7741935483871
48.1666666666667
103.451612903226
205
211.064516129032
211.451612903226
277.3
278.161290322581
291.533333333333
299.533333333333
302.838709677419
186.392857142857
117.096774193548
99.7333333333333
147.903225806452
219
208.387096774194
169.870967741935
212.233333333333
301.677419354839
436.733333333333
348.2
235.387096774194
141.071428571429
155.096774193548
219.033333333333
310.838709677419
500.333333333333
648.548387096774
454.741935483871
365.6
342.774193548387
353.466666666667
346.3
235.483870967742
143.214285714286
88.0967741935484
77.2333333333333
190.290322580645
361.633333333333
399.548387096774
363.774193548387
350.266666666667
415.806451612903
416.433333333333
383.8
277.548387096774
176.535714285714
105.129032258065
92.9333333333333
171.548387096774
272.833333333333
401.387096774194
320.354838709677
386.533333333333
373.354838709677
392.333333333333
307.8
193.774193548387
119.928571428571
97.1612903225806
117
130.677419354839
188.766666666667
147.483870967742
192.967741935484
204.633333333333
200.838709677419
198.366666666667
161.1
112.290322580645
120
79.9354838709678
75.7666666666667
219.064516129032
267.933333333333
324.096774193548
595.709677419355
527.133333333333
368.516129032258
362.9
345.266666666667
247.58064516129
155.571428571429
95.1935483870968
70.2
66.8709677419355
77.4333333333333
115.451612903226
129.354838709677
134.8
132.322580645161
133.766666666667
99.5666666666667
62.0322580645161
44.1785714285714
31.741935483871
23.5666666666667
32
112.866666666667
172.354838709677
345.41935483871
325.866666666667
304.322580645161
252.333333333333
176.6
102.032258064516
91.0357142857143
76.9354838709677
68
95.1290322580645
277.433333333333
423.741935483871
395.967741935484
298.533333333333
380.064516129032
398.3
346.933333333333
301.548387096774
229.107142857143
160.677419354839
109.666666666667
140.935483870968
459
536.129032258065
453.322580645161
348.7
340.935483870968
284.6
228.3
151.387096774194
90.3571428571429
102.838709677419
123.166666666667
221.032258064516
303.266666666667
287.258064516129
299.774193548387
334.966666666667
558.483870967742
570.1
495.7
329.322580645161
225.071428571429
140.935483870968
90.4666666666667
74
189.8
382.483870967742
316
332.733333333333
324.451612903226
327.433333333333
296.533333333333
224.387096774194
138.892857142857
97.6451612903226
162.966666666667
168.032258064516
181
609.483870967742
374.806451612903
365.866666666667
331.483870967742
308.9
259.033333333333
165.290322580645
107.142857142857
80.8064516129032
78.1666666666667
151.774193548387
364.133333333333
407.903225806452
363.612903225806
322.5
337.032258064516
440.4
484.633333333333
385.903225806452
247
162.645161290323
141.433333333333
157.548387096774
364.933333333333
630.741935483871
495.967741935484
412.566666666667
382.483870967742
367.166666666667
327.966666666667
278.967741935484
180.285714285714
118.290322580645
96
93.5806451612903
84.3666666666667
120.193548387097
130.612903225806
160.633333333333
241.516129032258
331.566666666667
311.833333333333
231.967741935484
155.785714285714
103.709677419355
80.4666666666667
150.612903225806
243.166666666667
340.064516129032
375.161290322581
441.666666666667
391.451612903226
368.333333333333
275.3
164
97.7142857142857
63.5161290322581
90.7
224.516129032258
328.4
289.870967741935
314.193548387097
487.2
356.193548387097
451.166666666667
397.366666666667
300.548387096774
218.428571428571
152.516129032258
117
111.225806451613
150.233333333333
245.806451612903
209.903225806452
242.166666666667
253.451612903226
306
290.3
221.483870967742
151.642857142857
103.741935483871
105.033333333333
128.258064516129
178.266666666667
208.225806451613
265.032258064516
296.133333333333
342.354838709677
298.066666666667
213.6
138.161290322581
129.75
132.322580645161
94.2333333333333
106
285.766666666667
309.096774193548
233.193548387097
236.5
230.129032258065
209.6
211.766666666667
227.548387096774
152.464285714286
114.387096774194
87.4
115.032258064516
254.366666666667
320.935483870968
318.258064516129
439.366666666667
364.612903225806
304.4
213.666666666667
142.967741935484
118
81.5161290322581
100.633333333333
158.451612903226
236.6
226.903225806452
369.193548387097
304.966666666667
295.870967741936
315.733333333333
242.566666666667
150.903225806452
93.2142857142857
55.9677419354839
38.7666666666667
53.3225806451613
300.933333333333
295.354838709677
384.774193548387
419.3
327.483870967742
313.5
263.466666666667
155.290322580645
93.2857142857143
56.5806451612903
49.6666666666667
56.9032258064516
52.0666666666667
53.0645161290323
128.935483870968
196.366666666667
228.838709677419
243.1
177.5
140.216129032258
101.55
93.8451612903226
82.03
119.270967741936
156.663333333333
193.977419354839
215.038709677419
229.906666666667
293.896774193548
330.26
307.336666666667
