246
166
182
383.95
760.96
790.97
591
427
308
401
416
370
180
106
82
114.05
831.04
510.03
298
372
278
344
356
196
113
81
66
75
174
478
665
382
817
679
812
947
532
221
99
109.05
121.01
470
344
266
269
527
622
272
118
84
79
85
155.01
180
480
213
371
792
798
765
339
143
95
113.02
353
397
469
185
199
313
411
210
97
70
69
84
393.05
1064.03
384
347
277
495
524
535
211
125
108
100
110.95
246.96
495.99
362
364
742
724
358
141
85
82
78
97
149.04
254.04
327.05
269
486
720
166
125
68
55
57
63
112
175
194
243
456
416
179
79
64
56
138.65
200.04
196.44
142.44
264.31
437.4
318.9
217.5
108.1
60.18
46.84
43.1
71.24
776.34
566.6
439.7
238.1
357.3
361.4
483.3
341.8
231.3
93.29
74.92
91.16
423.55
550.13
301.7
209.5
322.7
499.2
703
503.6
240.3
98.36
74.27
97.74
300.88
869
564.7
491.1
502.6
539.7
600.9
503.4
231.6
103.6
79.31
131.84
179.14
299.6
572.7
299.5
530.6
651.1
537.9
391.8
152.7
86.99
72.03
82.03
121.17
451.3
446.2
317.6
528.4
458.4
654.6
431.9
155.9
81.96
79.7
114.47
95.36
219.3
138.5
192.5
195.3
195.8
142.3
78.68
51.62
50.1
54.98
104.34
196.03
493.5
382.7
625
504.9
321.2
431.2
347.7
175.3
106
87.53
93.39
101.57
95.27
104.4
88.63
96.68
120.3
77.47
55.25
45.72
41.68
42.34
48.18
100.28
171.5
154.7
274.7
446.1
582.9
550.5
237.5
96.57
93.06
68.88
64.91
113.76
473.56
632.96
457.25
424.25
635.98
673.4
551.1
247.2
113.2
72.83
70.75
441.49
592.2
963.9
641.2
501.6
648.2
538.5
408.5
200.4
152.6
260
210.25
309.35
373.75
297.24
772.6
537.1
819.5
782.8
676.8
309.3
141.7
99.38
93.94
107.55
627.25
454.6
242.9
291.1
317.7
309.3
180.2
95.65
71.48
70.31
240.95
164.69
369.32
369.96
260.77
353.18
305.35
353.98
249.74
111.06
77.31
59.25
64.82
179.79
490.79
639.97
804.17
438.45
543.19
785.06
570.14
318.02
164.06
101.7
137.67
183.5
816.65
1232.92
477.71
565.03
585.67
611.12
503.81
246.74
148.02
111.25
115.14
102.45
109.52
177.13
134.82
202.67
357.28
335.82
146.01
100.55
73.14
64.56
76.51
953.43
594.69
334.07
416.02
384.89
416.81
455.57
215.95
86.02
61.3
52.42
67.82
384.88
356.45
311.52
410.87
397.28
446.48
498.84
350.3
142.57
45.82
69.43
75.6
85.95
140.34
145.94
141.54
203.66
326.59
303.6
173.05
97.62
60.8
63.6
96.37
101.52
142.76
177.02
295.48
284.67
415.9
459.86
243.05
105.28
78.51
76.13
65.63
182.4
366.52
209.67
157.45
187.51
173.02
147.01
137.59
116.51
72.55
59.23
80.02
74.29
157.2
263.58
246.48
470.12
380.19
348.38
182.92
98.63
77.82
66.72
104.7
145.39
170.23
161.58
481.15
334.84
476.82
359.64
125.95
53.56
49.52
69.74
94.3
97.5
250.92
293.58
379.4
426.78
384.77
443.02
257.03
106.5
67.93
55.75
72.98
118.42
100.05
116.29
207.88
189.57
226.38
157.05
66.38
34.96
27.62
36.28
63.87
75.54
146.29
237.34
163.69
197.13
418.95
459.86
265.55
