908
1607
1765
1427
1003
734
581
423
348.05
342.01
451
676
932
1230
1358
1137
871
669
575
479
333.03
289
426
571
776
1003
1162
1023
856
641
411
257
209.96
235.96
367.95
569.98
938
1172
1241
1165
903
627
412
280
229.04
236.04
434.05
738.02
1762
1589
1321
1090
858
582
366
251
216.04
219.03
430
640
658
1190
1366
1177
1073
786
564
481
381
344
427
648
941
1079
975
837
649
456
339
258
205.04
305.02
457
593
852
1096
1234
1174
967
706
552
393
282.75
302.56
475.65
647.25
819.46
1578.91
1879
1371
943.2
690
502.9
357
266.25
288.35
461.75
643.14
839.85
1110.24
1230
1046
898
703
541
371.4
267.05
329.94
508.35
659.45
909.25
1077.07
1228
1006
748.1
626.1
557.2
445.7
344.35
417.15
610.85
736.85
917.35
1180.32
1534
1460
1138
771.6
518.5
343.8
268.9
266.3
417.3
525
-99
-99
-99
-99
-99
567.4
391.3
268.1
225.84
264.94
395.65
671.75
888.95
1135.45
1229.18
1061
822.9
582.9
389.4
299.2
258.15
410.76
497.3
616.3
893.9
1088
1205
1068
776.6
609.6
525.5
395.5
270.85
248.15
378.85
602.25
770.14
986.71
1271
1106
853.4
633.7
410.2
290
242.56
314.25
418.56
689.25
963.65
1022.93
1118
1103
843.1
684.6
578.3
423.2
329.75
404.15
503.57
697.7
907.1
1026
1074
981.5
855.1
649.6
465.1
399.5
348.35
361.06
431.25
539.15
682.15
910.55
1380.95
1243
968.7
746.2
645.7
586.8
486.56
462.45
581.36
794.05
1043.55
1264.86
1347
1130
886.9
644.1
502.8
398.1
336.94
374.75
537.1
698.7
923.6
1005
985.2
884
698.4
554.6
423.3
304.2
238.75
277.44
419.85
563.75
785.54
1024.2
1063
999.4
833.8
601.6
406.8
333.9
322.25
358.75
475.65
628.14
871.25
1120.35
1214
1054
862.7
615.7
436.8
323.2
302.25
339.44
408.35
562.04
746.85
908.14
1406.45
1283.27
1013
750.7
521.8
451.9
349.27
304.96
413.3
459.51
762.72
1065.47
1472.94
1298.24
1000.66
755.76
548.38
398.21
326.95
316.14
381.9
644.73
836.86
1206.61
1391.67
1133.7
954.38
683.38
469.04
342.14
276.72
343.3
423.78
488.56
752.15
1112.53
1381.92
1219.15
969.76
702.51
525.86
352.83
316.91
331.15
396.42
523.17
693.6
1015.18
1051.76
1136.65
901.78
705.05
491.51
324.49
264.85
300.08
366.48
518.66
789.27
1245.86
1568.39
1428.99
1075.54
745.38
696.22
514.97
366.76
390.49
482.83
710.92
1176.69
1579.77
1741.78
1584.55
1339.62
970.19
693.11
494.14
371.01
324.5
334.61
424.22
671.54
892.9
1046.09
1044.68
992.16
780.23
593.61
439.54
332.59
378.22
526.93
610.79
893.87
1137.62
1287.59
1182.59
1088.04
874.62
663.45
505.81
353.95
454.55
505.47
642.74
966.58
1106.39
1171.22
1121.83
952.19
810.39
693.05
653.18
502.07
409.58
468.42
660.53
960.01
1442.75
1466.72
1361.02
1253.1
988.2
790.23
645.14
494.83
457.49
491.88
634.29
950.33
1056.25
1239.06
1082.33
820.81
622.03
561.58
492.26
483.73
464.45
548.17
749.96
875.87
1066.66
1401.11
1338.34
1247.92
937.64
685.45
478.41
390.16
397.59
441.35
543.03
747.14
1222.79
1592.92
1494.94
945.77
616.67
539.27
444.63
379.97
351.21
402.03
669
937.68
1327.98
1540.58
1239.66
980.91
742.25
581.24
479.33
-99
-99
-99
-99


